00005
00048
00051
00068
00070
00102
00117
00178
00183
00230
00269
00288
00299
00306
00308
00311
00354
00358
00367
00380
00426
00444
00473
00505
00518
00534
00542
00569
00590
00603
00631
00633
00658
00662
00672
00675
00712
00745
00747
00762
00768
00776
00780
00800
00802
00806
00808
00825
00857
00868
00924
00953
00960
00961
00996
01074
01098
01102
01104
01120
01149
01179
01180
01197
01202
01213
01222
01236
01257
01287
01298
01308
01322
01323
01339
01355
01374
01381
01426
01439
01460
01473
01496
01501
01503
01519
01530
01557
01566
01567
01581
01630
01632
01659
01715
01730
01739
01741
01749
01763
01939
01948
01964
01977
02001
02024
02030
02046
02104
02115
02181
02200
02208
02238
02245
02257
02286
02403
02407
02478
02504
02510
02525
02535
02559
02626
02630
02637
02725
02730
02734
02736
02755
02792
02798
02805
02809
02848
02860
02863
02866
02869
02910
02935
02956
02975
02978
02996
02999
03023
03025
03031
03032
03104
03115
03125
03164
03189
03198
03271
03300
03346
03357
03390
03399
03430
03440
03473
03497
03523
03526
03532
03549
03574
03582
03587
03604
03613
03626
03635
03641
03656
03700
03703
03728
03735
03751
03778
03848
03881
03915
03939
03970
04008
04046
04070
04094
04106
04111
04126
04205
04207
04235
04236
04241
04263
04265
04266
04379
04415
04418
04449
04490
04491
04501
04506
04517
04525
04530
04535
04550
04577
04580
04631
04660
04692
04729
04745
04766
04775
04790
04837
04883
04940
04995
04996
05003
05005
05007
05025
05031
05033
05042
05048
05154
05198
05224
05289
05290
05338
05434
05462
05464
05477
05503
05544
05604
05606
05607
05697
05701
05733
05793
05828
05871
05920
05958
05996
06034
06068
06074
06085
06104
06132
06179
06205
06234
06253
06259
06315
06377
06394
06414
06416
06492
06496
06516
06535
06565
06602
06638
06664
06671
06722
06726
06763
06821
06857
06907
06942
06967
06974
07004
07025
07074
07101
07103
07116
07118
07125
07186
07197
07218
07270
07314
07335
07343
07378
07404
07405
07423
07432
07454
07493
07539
07597
07600
07624
07643
07661
07687
07736
07739
07794
07836
07860
07864
07892
07897
07902
07909
07916
07938
07957
08007
08069
08149
08153
08201
08231
08314
08384
08411
08413
08438
08445
08467
08469
08474
08483
08490
08501
08527
08536
08586
08688
08709
08714
08716
08719
08752
08833
08848
08851
08881
08887
08890
08904
08905
08916
08942
08954
08961
08997
09003
09008
09015
09158
09178
09207
09214
09215
09248
09268
09300
09343
09345
09351
09394
09436
09460
09561
09571
09590
09591
09594
09638
09646
09685
09743
09744
09771
09800
09861
09991
10047
10067
10070
10074
10110
10147
10150
10181
10222
10230
10279
10288
10319
10365
10421
10483
10501
10518
10528
10557
10567
10575
10592
10606
10607
10647
10670
10747
10769
10850
10856
10870
10877
10903
10965
11012
11123
11147
11154
11155
11181
11183
11282
11290
11324
11346
11351
11407
11418
11450
11466
11469
11491
11571
11572
11588
11612
11613
11615
11620
11621
11627
11642
11742
11752
11813
11814
11835
12068
12081
12089
12094
12102
12115
12125
12187
12188
12203
12217
12248
12256
12345
12352
12435
12469
12473
12509
12556
12613
12621
12637
12677
12704
12717
12727
12741
12748
12813
12814
12845
12876
12880
12950
12959
12966
12975
12993
12994
12997
13053
13065
13073
13087
13098
13195
13214
13222
13238
13273
13292
13325
13328
13343
13374
13378
13410
13424
13450
13451
13463
13470
13479
13500
13503
13546
13550
13552
13568
13571
13615
13617
13663
13715
13720
13722
13768
13783
13833
13841
13879
13881
13925
13926
13943
13964
13969
14000
14029
14048
14119
14140
14170
14175
14198
14216
14226
14228
14243
14277
14295
14313
14319
14371
14470
14552
14577
14589
14601
14614
14625
14653
14709
14712
14749
14756
14770
14837
14845
14859
14925
14926
14979
14981
15015
15018
15023
15039
15082
15085
15104
15106
15133
15161
15175
15202
15251
15266
15292
15312
15316
15341
15441
15477
15550
15552
15593
15614
15635
15651
15657
15675
15691
15693
15716
15784
15798
15872
15887
15899
15983
15991
16000
16030
16070
16072
16078
16088
16090
16096
16118
16159
16220
16262
16349
16371
16381
16413
16420
16443
16475
16519
16620
16644
16654
16658
16691
16777
16793
16797
16807
16813
16843
16844
16950
16955
16962
16965
16970
16996
17002
17023
17047
17056
17092
17096
17101
17119
17126
17137
17159
17171
17197
17200
17214
17218
17243
17267
17280
17290
17304
17355
17361
17438
17463
17464
17473
17495
17508
17523
17536
17537
17551
17636
17666
17667
17670
17672
17686
17716
17721
17769
17820
17822
17828
17877
17896
17903
17929
17978
17985
18082
18101
18103
18124
18126
18165
18206
18207
18260
18270
18290
18295
18296
18311
18312
18351
18357
18414
18422
18426
18447
18458
18489
18492
18496
18529
18541
18638
18648
18683
18691
18715
18782
18825
18855
18857
18858
18882
18889
18904
18919
18931
18970
18979
18981
19022
19027
19032
19048
19071
19083
19089
19090
19103
19105
19127
19130
19214
19238
19272
19273
19276
19298
19311
19374
19377
19430
19432
19532
19535
19545
19573
19593
19599
19607
19669
19671
19686
19706
19743
19749
19760
19799
19804
19809
19837
19848
19850
19874
19887
19893
19907
19941
19944
19960
19993
20023
20047
20062
20068
20125
20142
20145
20147
20198
20214
20252
20253
20269
20309
20331
20337
20352
20365
20375
20390
20420
20487
20488
20522
20532
20533
20542
20560
20607
20609
20667
20722
20725
20731
20750
20752
20762
20851
20882
20914
20934
20937
20983
20985
21049
21052
21064
21069
21083
21167
21184
21221
21238
21337
21350
21393
21394
21452
21454
21459
21465
21476
21516
21536
21543
21552
21592
21615
21616
21620
21629
21660
21666
21697
21715
21718
21728
21734
21735
21771
21778
21829
21848
21855
21883
21887
21895
21900
21907
22001
22028
22037
22039
22054
22058
22086
22114
22152
22170
22194
22195
22206
22207
22219
22235
22300
22345
22409
22441
22472
22474
22502
22509
22512
22519
22520
22526
22536
22549
22572
22593
22617
22679
22689
22693
22706
22707
22709
22716
22750
22759
22767
22771
22784
22796
22799
22835
22847
22889
22906
22911
22914
22978
23008
23011
23049
23061
23063
23082
23084
23172
23190
23210
23217
23232
23235
23242
23244
23249
23250
23253
23268
23282
23292
23326
23352
23361
23367
23379
23382
23437
23473
23485
23493
23499
23551
23570
23584
23588
23602
23608
23609
23623
23661
23670
23759
23777
23813
23816
23966
24001
24040
24051
24102
24109
24119
24146
24176
24179
24197
24214
24232
24241
24325
24336
24414
24419
24463
24466
24482
24487
24494
24570
24623
24635
24655
24695
24712
24722
24733
24746
24771
24838
24845
24869
24901
25114
25155
25157
25158
25229
25257
25364
25366
25392
25413
25541
25624
25665
25687
25776
25782
25932
26111
26120
26177
26243
26362
26377
26524
26577
26886
27187
27389
