00003
00005
00007
00011
00012
00013
00031
00036
00047
00048
00049
00051
00065
00067
00068
00070
00078
00090
00093
00102
00105
00109
00116
00117
00133
00160
00170
00171
00173
00178
00181
00183
00184
00190
00205
00218
00220
00230
00231
00240
00242
00243
00247
00248
00260
00269
00270
00278
00281
00286
00288
00290
00291
00299
00301
00302
00306
00308
00311
00312
00321
00324
00326
00327
00329
00333
00334
00336
00337
00340
00347
00348
00351
00352
00353
00354
00358
00362
00365
00367
00378
00380
00385
00386
00387
00400
00411
00415
00421
00422
00425
00426
00429
00435
00444
00450
00452
00458
00459
00461
00467
00471
00473
00475
00476
00477
00481
00482
00488
00491
00498
00499
00505
00508
00515
00518
00522
00523
00533
00534
00537
00542
00558
00563
00565
00569
00571
00572
00573
00577
00590
00592
00593
00594
00603
00605
00615
00625
00626
00631
00632
00633
00638
00639
00640
00641
00642
00646
00647
00648
00654
00655
00658
00659
00662
00663
00666
00668
00669
00672
00675
00676
00683
00691
00692
00699
00704
00708
00710
00712
00723
00726
00729
00731
00736
00744
00745
00747
00750
00757
00759
00762
00767
00768
00772
00776
00778
00780
00782
00785
00790
00791
00792
00799
00800
00801
00802
00804
00806
00808
00813
00822
00824
00825
00828
00829
00842
00844
00845
00855
00856
00857
00861
00862
00863
00866
00868
00873
00882
00884
00886
00895
00899
00903
00905
00914
00924
00926
00932
00933
00940
00943
00947
00948
00951
00953
00954
00958
00960
00961
00963
00966
00967
00969
00971
00983
00992
00994
00996
00999
01004
01008
01009
01020
01029
01030
01042
01045
01061
01064
01067
01071
01074
01084
01085
01086
01089
01096
01098
01102
01104
01108
01114
01115
01119
01120
01123
01127
01133
01135
01136
01138
01139
01140
01149
01157
01159
01160
01169
01179
01180
01197
01201
01202
01206
01211
01213
01214
01221
01222
01228
01229
01233
01234
01236
01239
01252
01256
01257
01267
01270
01273
01279
01287
01289
01291
01293
01294
01295
01296
01298
01299
01305
01308
01310
01311
01312
01319
01322
01323
01326
01328
01339
01340
01341
01345
01350
01355
01369
01370
01374
01381
01385
01386
01387
01388
01402
01403
01412
01414
01426
01428
01433
01434
01438
01439
01440
01456
01457
01460
01462
01465
01469
01473
01479
01481
01482
01483
01488
01489
01494
01496
01498
01501
01503
01514
01515
01516
01519
01524
01530
01535
01539
01541
01557
01561
01566
01567
01569
01574
01579
01581
01584
01587
01596
01597
01599
01603
01604
01605
01607
01608
01610
01612
01621
01623
01630
01632
01633
01637
01641
01658
01659
01662
01663
01671
01680
01681
01684
01694
01695
01699
01700
01710
01715
01724
01730
01738
01739
01741
01749
01751
01754
01760
01763
01775
01776
01779
01808
01809
01812
01816
01817
01820
01828
01831
01832
01833
01834
01839
01845
01846
01849
01856
01857
01861
01867
01873
01879
01883
01888
01892
01893
01901
01906
01911
01913
01914
01916
01917
01926
01928
01936
01939
01944
01948
01949
01958
01963
01964
01967
01968
01977
01979
01982
01990
01993
01998
02001
02008
02009
02020
02024
02025
02028
02030
02040
02041
02042
02043
02046
02053
02057
02061
02062
02069
02076
02077
02078
02087
02088
02094
02104
02105
02109
02112
02115
02130
02131
02137
02148
02151
02152
02164
02171
02172
02181
02184
02189
02190
02196
02199
02200
02203
02206
02208
02217
02218
02224
02230
02236
02238
02242
02245
02252
02257
02260
02265
02270
02272
02273
02277
02283
02286
02289
02304
02313
02322
02324
02349
02362
02365
02369
02370
02372
02375
02384
02386
02387
02391
02394
02395
02397
02403
02407
02409
02419
02439
02440
02443
02444
02445
02450
02451
02475
02478
02481
02482
02490
02501
02504
02510
02511
02515
02517
02523
02525
02531
02535
02536
02555
02557
02559
02564
02565
02576
02583
02589
02590
02598
02615
02618
02619
02626
02630
02634
02637
02641
02653
02658
02663
02667
02669
02670
02671
02674
02676
02678
02687
02715
02725
02726
02730
02734
02736
02740
02743
02747
02750
02755
02758
02763
02772
02777
02780
02784
02786
02791
02792
02798
02805
02809
02811
02812
02813
02833
02839
02840
02844
02848
02851
02854
02860
02862
02863
02866
02869
02872
02875
02882
02893
02897
02904
02907
02910
02917
02923
02935
02938
02945
02948
02949
02950
02951
02956
02963
02964
02975
02978
02981
02993
02996
02999
03005
03007
03011
03023
03025
03031
03032
03035
03043
03058
03061
03068
03069
03075
03077
03080
03083
03091
03100
03104
03110
03115
03116
03125
03126
03128
03145
03146
03159
03164
03176
03178
03180
03185
03189
03191
03197
03198
03205
03206
03222
03229
03233
03235
03239
03245
03251
03254
03255
03256
03270
03271
03273
03275
03282
03285
03293
03297
03300
03307
03311
03318
03342
03346
03348
03351
03357
03363
03371
03372
03374
03375
03383
03385
03390
03397
03398
03399
03401
03405
03406
03416
03421
03422
03427
03430
03433
03435
03440
03443
03445
03464
03467
03468
03473
03475
03476
03487
03496
03497
03498
03502
03504
03521
03522
03523
03526
03528
03532
03542
03545
03549
03553
03558
03563
03564
03568
03573
03574
03575
03579
03581
03582
03583
03587
03596
03599
03600
03602
03604
03606
03609
03613
03614
03626
03635
03638
03640
03641
03648
03650
03653
03656
03658
03663
03665
03671
03674
03676
03678
03679
03680
03683
03695
03696
03697
03700
03701
03702
03703
03706
03708
03711
03714
03720
03722
03724
03726
03727
03728
03735
03737
03743
03751
03753
03754
03756
03764
03765
03766
03772
03778
03779
03781
03785
03790
03804
03811
03819
03821
03830
03842
03848
03851
03868
03881
03883
03891
03892
03895
03896
03908
03913
03915
03925
03939
03941
03943
03949
03952
03962
03970
03971
03977
03978
03980
03981
03997
04000
04006
04008
04014
04024
04034
04037
04040
04046
04047
04052
04057
04059
04066
04069
04070
04094
04105
04106
04111
04114
04120
04121
04123
04126
04132
04135
04137
04147
04158
04165
04168
04177
04180
04186
04187
04193
04205
04207
04220
04232
04234
04235
04236
04241
04246
04247
04249
04250
04251
04260
04263
04265
04266
04273
04279
04287
04288
04300
04316
04333
04346
04353
04363
04366
04371
04378
04379
04380
04387
04389
04390
04395
04402
04406
04407
04415
04418
04433
04437
04449
04463
04476
04478
04489
04490
04491
04493
04494
04499
04501
04506
04517
04525
04530
04531
04534
04535
04539
04543
04550
04551
04553
04563
04565
04577
04580
04581
04585
04586
04591
04599
04600
04601
04603
04605
04617
04629
04630
04631
04634
04637
04640
04645
04659
04660
04664
04677
04686
04692
04693
04711
04718
04726
04729
04741
04742
04745
04766
04775
04779
04785
04790
04796
04801
04803
04805
04806
04810
04811
04837
04851
04854
04869
04871
04872
04875
04876
04878
04883
04885
04889
04901
04902
04909
04919
04940
04953
04960
04969
04970
04979
04986
04988
04995
04996
04997
04998
05000
05003
05005
05007
05025
05031
05033
05041
05042
05048
05055
05060
05061
05068
05075
05087
05098
05105
05115
05116
05118
05124
05125
05142
05151
05154
05161
05165
05166
05169
05178
05179
05196
05198
05216
05218
05224
05241
05242
05244
05255
05256
05259
05269
05279
05289
05290
05291
05322
05334
05338
05345
05352
05357
05360
05361
05375
05377
05378
05394
05397
05401
05413
05418
05419
05421
05422
05423
05427
05434
05438
05447
05449
05457
05462
05463
05464
05472
05473
05477
05490
05491
05502
05503
05504
05505
05506
05508
05519
05521
05531
05534
05538
05544
05553
05557
05558
05560
05563
05564
05565
05570
05580
05597
05604
05606
05607
05608
05614
05615
05635
05648
05651
05652
05657
05660
05663
05682
05697
05701
05720
05733
05745
05767
05770
05787
05789
05793
05795
05808
05816
05826
05828
05835
05842
05846
05849
05856
05861
05864
05868
05871
05875
05896
05899
05913
05914
05919
05920
05921
05949
05958
05959
05979
05981
05983
05996
06003
06011
06024
06029
06034
06041
06054
06056
06057
06063
06068
06072
06073
06074
06085
06088
06100
06104
06114
06119
06120
06121
06126
06132
06134
06156
06166
06179
06181
06184
06193
06195
06197
06200
06203
06205
06213
06225
06229
06234
06235
06249
06250
06253
06259
06262
06265
06266
06283
06303
06306
06315
06322
06327
06328
06346
06351
06356
06358
06359
06369
06376
06377
06380
06394
06397
06400
06412
06414
06416
06421
06424
06426
06430
06434
06444
06453
06462
06467
06474
06481
06487
06489
06492
06494
06496
06498
06500
06505
06508
06513
06516
06535
06536
06541
06545
06547
06554
06557
06559
06562
06564
06565
06567
06576
06585
06587
06602
06604
06619
06620
06633
06638
06651
06656
06659
06664
06667
06670
06671
06678
06683
06694
06717
06720
06722
06726
06734
06738
06740
06744
06758
06763
06774
06782
06792
06793
06807
06808
06813
06821
06828
06837
06845
06847
06848
06857
06866
06877
06878
06883
06885
06900
06901
06907
06914
06925
06930
06935
06938
06942
06951
06953
06956
06959
06963
06967
06970
06974
06980
06986
06990
06994
06995
06996
07000
07004
07009
07025
07046
07048
07051
07068
07072
07074
07083
07090
07091
07101
07103
07108
07113
07116
07118
07122
07125
07141
07157
07158
07166
07178
07186
07187
07192
07197
07204
07205
07217
07218
07224
07236
07239
07242
07247
07253
07266
07270
07277
07288
07290
07295
07296
07301
07304
07314
07320
07322
07335
07340
07343
07361
07364
07366
07367
07369
07370
07378
07380
07383
07389
07390
07398
07403
07404
07405
07410
07420
07423
07424
07426
07431
07432
07433
07436
07454
07455
07460
07464
07467
07482
07485
07486
07493
07519
07527
07532
07539
07540
07545
07546
07552
07558
07571
07574
07578
07582
07586
07596
07597
07600
07604
07607
07616
07624
07635
07641
07643
07646
07661
07687
07690
07702
07727
07728
07735
07736
07739
07750
07759
07770
07771
07777
07780
07789
07794
07808
07811
07830
07832
07834
07836
07839
07847
07860
07861
07864
07865
07871
07886
07888
07892
07897
07901
07902
07903
07909
07916
07918
07919
07935
07938
07939
07956
07957
07961
07966
07969
07975
07999
08005
08007
08009
08022
08025
08033
08069
08077
08086
08088
08105
08127
08133
08142
08145
08146
08149
08150
08153
08160
08163
08166
08168
08174
08177
08186
08193
08201
08206
08208
08231
08232
08245
08261
08274
08283
08287
08298
08314
08347
08351
08352
08362
08363
08366
08378
08384
08401
08407
08411
08413
08417
08419
08421
08422
08428
08438
08440
08445
08467
08469
08474
08477
08483
08488
08490
08493
08494
08497
08500
08501
08504
08505
08519
08525
08527
08536
08586
08595
08627
08638
08646
08647
08648
08649
08656
08658
08659
08663
08666
08679
08687
08688
08695
08697
08698
08709
08710
08711
08712
08714
08715
08716
08719
08722
08723
08733
08752
08758
08760
08764
08773
08789
08811
08817
08825
08827
08828
08833
08843
08848
08851
08881
08887
08890
08898
08902
08904
08905
08916
08918
08924
08928
08931
08932
08935
08939
08941
08942
08954
08955
08961
08964
08969
08973
08996
08997
08998
09000
09003
09008
09015
09017
09031
09036
09066
09073
09083
09100
09102
09103
09115
09123
09143
09148
09158
09169
09178
09181
09183
09186
09206
09207
09214
09215
09221
09222
09224
09225
09248
09249
09262
09266
09268
09269
09275
09300
09305
09315
09336
09343
09345
09347
09351
09353
09358
09373
09375
09376
09384
09388
09391
09394
09395
09406
09410
09418
09419
09423
09431
09436
09457
09460
09462
09492
09500
09519
09520
09531
09532
09540
09541
09545
09556
09560
09561
09571
09579
09580
09584
09590
09591
09594
09600
09617
09623
09638
09646
09648
09651
09652
09656
09666
09668
09672
09674
09684
09685
09693
09696
09709
09713
09743
09744
09771
09790
09800
09811
09832
09849
09853
09861
09862
09868
09886
09906
09919
09943
09944
09945
09946
09960
09972
09976
09977
09991
09993
10005
10012
10013
10015
10024
10027
10031
10032
10034
10036
10040
10042
10047
10051
10054
10056
10066
10067
10070
10072
10074
10084
10087
10094
10095
10106
10110
10111
10113
10115
10116
10130
10134
10140
10147
10150
10161
10163
10167
10180
10181
10206
10222
10230
10233
10250
10274
10276
10279
10288
10308
10317
10319
10328
10365
10382
10396
10399
10415
10421
10441
10450
10451
10453
10473
10479
10482
10483
10499
10501
10504
10509
10510
10514
10518
10528
10535
10542
10557
10559
10561
10565
10566
10567
10575
10586
10592
10606
10607
10616
10625
10627
10635
10640
10644
10647
10670
10696
10719
10721
10727
10734
10735
10747
10757
10762
10766
10767
10769
10774
10778
10781
10782
10785
10786
10806
10807
10809
10811
10820
10825
10829
10832
10837
10841
10850
10851
10856
10859
10860
10870
10874
10877
10891
10903
10907
10912
10921
10935
10936
10955
10956
10960
10965
10972
10982
10988
10989
10996
11008
11009
11012
11031
11050
11058
11066
11092
11102
11117
11123
11134
11147
11154
11155
11156
11159
11181
11182
11183
11184
11188
11189
11190
11205
11206
11214
11215
11273
11275
11282
11284
11285
11288
11290
11297
11299
11305
11306
11308
11315
11324
11326
11346
11349
11351
11352
11375
11383
11384
11386
11389
11394
11396
11399
11402
11405
11407
11409
11414
11416
11418
11450
11466
11469
11473
11475
11476
11479
11491
11509
11514
11547
11553
11566
11571
11572
11576
11583
11588
11611
11612
11613
11614
11615
11620
11621
11623
11627
11628
11642
11665
11682
11685
11692
11695
11709
11712
11721
11742
11750
11752
11760
11765
11785
11792
11794
11795
11802
11813
11814
11815
11835
11853
11859
11860
11861
11862
11878
11880
11888
11897
11903
11911
11935
11945
11946
11988
11994
11999
12002
12010
12024
12029
12034
12039
12040
12047
12052
12056
12058
12059
12068
12081
12088
12089
12093
12094
12095
12100
12102
12112
12115
12116
12125
12129
12151
12167
12175
12177
12187
12188
12190
12192
12203
12204
12213
12215
12217
12223
12225
12241
12242
12245
12247
12248
12256
12260
12264
12278
12289
12301
12318
12345
12352
12362
12366
12386
12387
12397
12401
12411
12414
12430
12432
12435
12444
12454
12469
12470
12473
12481
12499
12504
12509
12522
12523
12534
12548
12552
12556
12559
12572
12577
12613
12615
12620
12621
12626
12627
12631
12637
12661
12669
12677
12678
12686
12687
12703
12704
12708
12717
12721
12724
12727
12734
12735
12741
12748
12760
12765
12785
12790
12792
12810
12812
12813
12814
12821
12830
12838
12844
12845
12850
12852
12856
12876
12880
12902
12916
12917
12936
12950
12959
12966
12968
12975
12977
12993
12994
12997
13015
13023
13024
13027
13035
13038
13044
13046
13051
13053
13063
13065
13073
13087
13093
13098
13119
13125
13133
13135
13141
13149
13150
13152
13185
13195
13212
13214
13222
13232
13238
13245
13253
13254
13258
13273
13288
13292
13301
13308
13323
13325
13328
13343
13356
13367
13374
13378
13388
13399
13403
13405
13410
13413
13420
13424
13426
13429
13442
13446
13450
13451
13463
13470
13479
13500
13503
13544
13546
13550
13552
13567
13568
13571
13588
13598
13614
13615
13617
13620
13662
13663
13664
13665
13696
13715
13720
13722
13732
13740
13747
13758
13764
13768
13783
13788
13799
13810
13824
13828
13833
13834
13841
13876
13879
13881
13887
13905
13909
13911
13918
13925
13926
13941
13943
13964
13969
13974
13977
13998
14000
14003
14009
14012
14022
14023
14029
14034
14036
14048
14052
14076
14078
14087
14093
14107
14116
14119
14120
14128
14137
14140
14150
14155
14158
14166
14169
14170
14175
14188
14193
14197
14198
14199
14203
14211
14216
14222
14226
14228
14239
14243
14258
14264
14274
14277
14281
14282
14294
14295
14311
14313
14315
14316
14319
14320
14321
14330
14334
14345
14354
14371
14383
14409
14424
14447
14449
14470
14472
14473
14511
14521
14523
14530
14552
14576
14577
14589
14590
14592
14599
14601
14614
14618
14620
14625
14643
14653
14663
14679
14692
14694
14698
14707
14709
14712
14713
14721
14729
14730
14734
14740
14749
14756
14770
14790
14810
14814
14830
14837
14845
14846
14847
14850
14859
14862
14864
14874
14908
14912
14925
14926
14953
14954
14955
14972
14973
14979
14981
14985
14997
15015
15018
15023
15034
15039
15043
15075
15082
15085
15092
15099
15104
15106
15129
15133
15155
15159
15161
15166
15175
15190
15192
15200
15202
15204
15224
15251
15252
15258
15266
15271
15272
15275
15276
15278
15292
15312
15316
15325
15341
15352
15378
15392
15416
15438
15441
15447
15448
15460
15461
15470
15477
15504
15507
15528
15537
15545
15550
15552
15564
15567
15570
15591
15593
15597
15598
15600
15614
15635
15645
15651
15657
15675
15690
15691
15693
15716
15718
15719
15743
15744
15747
15750
15751
15784
15797
15798
15802
15828
15833
15853
15872
15886
15887
15890
15893
15899
15910
15915
15928
15932
15938
15957
15963
15978
15983
15986
15991
16000
16009
16011
16019
16030
16036
16039
16041
16043
16059
16070
16072
16076
16078
16087
16088
16090
16093
16096
16105
16111
16118
16125
16127
16135
16144
16156
16159
16161
16167
16177
16178
16207
16209
16220
16228
16231
16246
16262
16269
16270
16290
16299
16309
16332
16335
16349
16351
16352
16370
16371
16381
16393
16394
16408
16409
16412
16413
16415
16420
16432
16443
16463
16472
16475
16490
16519
16534
16539
16540
16550
16553
16572
16578
16582
16597
16598
16606
16616
16620
16624
16644
16654
16658
16673
16691
16695
16747
16748
16758
16761
16764
16777
16793
16797
16798
16799
16800
16807
16808
16813
16836
16843
16844
16846
16851
16879
16886
16921
16923
16931
16937
16940
16950
16955
16962
16964
16965
16970
16988
16996
17002
17023
17029
17044
17047
17052
17056
17061
17063
17072
17079
17082
17086
17089
17092
17096
17101
17111
17113
17119
17126
17137
17159
17163
17171
17180
17181
17185
17197
17200
17210
17214
17218
17219
17224
17227
17240
17243
17256
17262
17267
17280
17282
17290
17293
17304
17328
17355
17361
17365
17375
17393
17394
17397
17421
17438
17440
17441
17462
17463
17464
17473
17495
17505
17508
17517
17523
17536
17537
17548
17551
17556
17557
17571
17578
17584
17589
17600
17634
17635
17636
17666
17667
17670
17672
17681
17686
17688
17692
17693
17716
17721
17755
17756
17769
17807
17812
17820
17822
17823
17828
17834
17850
17877
17879
17896
17903
17929
17935
17936
17956
17977
17978
17979
17983
17985
18009
18017
18020
18022
18023
18037
18044
18065
18073
18082
18096
18101
18103
18108
18109
18124
18126
18128
18129
18130
18134
18146
18156
18164
18165
18167
18173
18197
18203
18204
18205
18206
18207
18215
18221
18227
18243
18246
18249
18260
18270
18290
18295
18296
18299
18311
18312
18313
18318
18345
18351
18357
18365
18370
18372
18383
18391
18413
18414
18422
18425
18426
18431
18432
18434
18435
18447
18449
18458
18489
18491
18492
18496
18501
18515
18529
18541
18542
18544
18554
18558
18566
18574
18579
18591
18605
18607
18633
18638
18640
18647
18648
18657
18659
18675
18678
18683
18691
18706
18707
18715
18716
18721
18722
18726
18731
18740
18746
18749
18753
18767
18770
18782
18790
18805
18816
18825
18834
18853
18855
18857
18858
18871
18882
18887
18889
18894
18898
18904
18919
18931
18937
18970
18972
18976
18979
18981
18990
19021
19022
19027
19032
19042
19048
19058
19071
19083
19084
19088
19089
19090
19092
19095
19103
19105
19109
19113
19127
19130
19131
19145
19153
19157
19214
19236
19238
19264
19267
19271
19272
19273
19274
19276
19281
19285
19290
19295
19298
19307
19311
19314
19317
19322
19332
19334
19351
19352
19358
19360
19374
19375
19377
19394
19405
19406
19428
19430
19432
19460
19466
19469
19484
19493
19505
19507
19510
19531
19532
19535
19545
19552
19568
19569
19571
19573
19593
19594
19595
19599
19605
19607
19662
19669
19671
19686
19695
19706
19720
19732
19733
19735
19743
19749
19755
19760
19766
19788
19799
19804
19809
19823
19826
19837
19848
19850
19874
19881
19886
19887
19891
19892
19893
19896
19907
19920
19921
19941
19942
19944
19960
19976
19991
19993
20003
20007
20010
20023
20041
20043
20047
20054
20059
20061
20062
20068
20069
20070
20083
20085
20105
20125
20142
20143
20145
20147
20148
20156
20172
20183
20185
20196
20198
20214
20235
20236
20242
20252
20253
20269
20272
20304
20309
20314
20317
20320
20331
20337
20340
20343
20349
20352
20353
20357
20362
20365
20375
20378
20383
20390
20391
20417
20420
20437
20444
20468
20470
20487
20488
20492
20502
20515
20516
20522
20527
20532
20533
20542
20552
20556
20557
20560
20600
20607
20609
20616
20621
20640
20667
20672
20674
20686
20695
20697
20707
20713
20718
20721
20722
20725
20728
20731
20732
20750
20752
20755
20762
20770
20777
20782
20787
20795
20797
20799
20813
20818
20828
20832
20851
20873
20877
20882
20894
20898
20899
20914
20922
20930
20934
20937
20944
20954
20958
20975
20977
20982
20983
20985
20991
20994
21007
21012
21016
21022
21032
21036
21049
21052
21053
21055
21064
21069
21070
21072
21074
21076
21083
21105
21126
21130
21137
21143
21162
21166
21167
21170
21172
21184
21198
21199
21221
21230
21231
21236
21238
21253
21263
21283
21290
21297
21301
21303
21330
21337
21347
21350
21354
21356
21374
21383
21392
21393
21394
21397
21404
21407
21409
21415
21416
21422
21451
21452
21454
21455
21459
21465
21470
21475
21476
21477
21481
21491
21492
21506
21510
21516
21522
21536
21540
21543
21552
21583
21585
21589
21592
21598
21600
21615
21616
21620
21629
21634
21635
21646
21660
21666
21673
21687
21690
21697
21715
21718
21723
21728
21734
21735
21738
21749
21755
21761
21763
21768
21771
21776
21777
21778
21786
21792
21829
21843
21848
21855
21856
21863
21864
21883
21884
21886
21887
21895
21900
21907
21920
21926
21937
21957
21964
21989
22001
22028
22032
22037
22039
22053
22054
22058
22069
22073
22086
22089
22114
22140
22152
22153
22169
22170
22175
22177
22186
22187
22194
22195
22206
22207
22214
22215
22219
22234
22235
22238
22256
22264
22268
22279
22280
22283
22300
22311
22323
22331
22341
22345
22352
22409
22416
22429
22431
22441
22451
22466
22467
22471
22472
22474
22475
22492
22495
22497
22502
22509
22510
22512
22513
22519
22520
22526
22536
22537
22540
22549
22567
22572
22582
22593
22617
22630
22631
22644
22661
22662
22672
22679
22689
22693
22696
22706
22707
22709
22716
22735
22749
22750
22757
22759
22767
22771
22775
22784
22794
22796
22799
22835
22847
22848
22850
22861
22866
22871
22882
22883
22886
22889
22896
22900
22904
22906
22911
22914
22915
22926
22939
22962
22963
22964
22974
22978
23001
23006
23008
23011
23013
23024
23043
23045
23049
23061
23063
23065
23066
23082
23084
23130
23136
23152
23156
23172
23190
23193
23206
23210
23217
23232
23235
23239
23242
23244
23249
23250
23253
23255
23268
23282
23292
23326
23329
23332
23352
23354
23355
23361
23367
23375
23379
23382
23383
23386
23437
23447
23449
23471
23473
23474
23481
23485
23493
23494
23496
23499
23508
23525
23533
23545
23551
23570
23584
23588
23602
23608
23609
23623
23624
23629
23644
23645
23661
23670
23684
23687
23689
23693
23699
23702
23717
23743
23759
23763
23777
23781
23785
23789
23798
23804
23813
23816
23845
23858
23866
23872
23886
23897
23905
23932
23955
23961
23966
23968
23971
23978
23990
24001
24038
24040
24051
24052
24060
24071
24080
24081
24100
24102
24106
24109
24111
24119
24125
24126
24133
24141
24146
24149
24176
24179
24197
24214
24231
24232
24234
24238
24241
24265
24276
24278
24284
24303
24307
24318
24325
24336
24350
24364
24369
24394
24414
24419
24425
24437
24459
24463
24466
24476
24482
24487
24490
24494
24506
24523
24542
24560
24570
24573
24575
24603
24611
24623
24627
24630
24634
24635
24655
24661
24665
24669
24695
24712
24722
24733
24746
24763
24767
24770
24771
24792
24838
24845
24846
24869
24879
24896
24901
24905
24910
24992
24998
25000
25001
25015
25051
25068
25073
25078
25094
25114
25139
25155
25157
25158
25159
25174
25192
25217
25229
25232
25257
25260
25287
25290
25302
25312
25327
25358
25364
25366
25375
25384
25392
25408
25410
25411
25412
25413
25421
25431
25453
25460
25461
25466
25478
25480
25490
25492
25532
25541
25543
25555
25624
25637
25642
25648
25654
25660
25665
25669
25686
25687
25700
25716
25728
25739
25754
25776
25782
25783
25808
25812
25827
25850
25858
25902
25903
25916
25932
25946
25956
25960
25964
25996
26000
26084
26109
26111
26120
26157
26176
26177
26179
26228
26232
26233
26243
26260
26287
26295
26337
26338
26355
26362
26377
26397
26401
26402
26437
26464
26524
26528
26577
26609
26620
26624
26652
26654
26691
26754
26775
26792
26811
26886
26896
26902
26942
27004
27085
27150
27187
27198
27291
27292
27311
27322
27347
27389
27414
27467
27563
27605
27642
27894
27933
27970
27982
28013
28080
28109
28152
28205
28212
28339
28407
28433
28474
28514
28600
28693
29017
